Read Date,Meter Serial No.,Register,Read,Usage (CF)
06/02/2023,03024557,LOW FLOW,574965,66
06/01/2023,03024557,LOW FLOW,574899,72
05/31/2023,03024557,LOW FLOW,574827,67
05/30/2023,03024557,LOW FLOW,574760,59
05/29/2023,03024557,LOW FLOW,574701,57
05/28/2023,03024557,LOW FLOW,574644,107
05/27/2023,03024557,LOW FLOW,574537,63
05/26/2023,03024557,LOW FLOW,574474,61
05/25/2023,03024557,LOW FLOW,574413,73
05/24/2023,03024557,LOW FLOW,574340,89
05/23/2023,03024557,LOW FLOW,574251,70
05/22/2023,03024557,LOW FLOW,574181,72
05/21/2023,03024557,LOW FLOW,574109,111
05/20/2023,03024557,LOW FLOW,573998,84
05/19/2023,03024557,LOW FLOW,573914,65
05/18/2023,03024557,LOW FLOW,573849,63
05/17/2023,03024557,LOW FLOW,573786,69
05/16/2023,03024557,LOW FLOW,573717,61
05/15/2023,03024557,LOW FLOW,573656,76
05/14/2023,03024557,LOW FLOW,573580,111
05/13/2023,03024557,LOW FLOW,573469,63
05/12/2023,03024557,LOW FLOW,573406,64
05/11/2023,03024557,LOW FLOW,573342,77
05/10/2023,03024557,LOW FLOW,573265,66
05/09/2023,03024557,LOW FLOW,573199,69
05/08/2023,03024557,LOW FLOW,573130,81
05/07/2023,03024557,LOW FLOW,573049,102
05/06/2023,03024557,LOW FLOW,572947,81
05/05/2023,03024557,LOW FLOW,572866,78
05/04/2023,03024557,LOW FLOW,572788,85