Read Date,Meter Serial No.,Register,Read,Usage (CF)
04/27/2022,19009423,LOW FLOW,10707,26
04/26/2022,19009423,LOW FLOW,10681,20
04/25/2022,19009423,LOW FLOW,10661,25
04/24/2022,19009423,LOW FLOW,10636,33
04/23/2022,19009423,LOW FLOW,10603,27
04/22/2022,19009423,LOW FLOW,10576,43
04/21/2022,19009423,LOW FLOW,10533,36
04/20/2022,19009423,LOW FLOW,10497,30
04/19/2022,19009423,LOW FLOW,10467,29
04/18/2022,19009423,LOW FLOW,10438,28
04/17/2022,19009423,LOW FLOW,10410,34
04/16/2022,19009423,LOW FLOW,10376,36
04/15/2022,19009423,LOW FLOW,10340,22
04/14/2022,19009423,LOW FLOW,10318,29
04/13/2022,19009423,LOW FLOW,10289,19
04/12/2022,19009423,LOW FLOW,10270,23
04/11/2022,19009423,LOW FLOW,10247,13
04/10/2022,19009423,LOW FLOW,10234,14
04/09/2022,19009423,LOW FLOW,10220,27
04/08/2022,19009423,LOW FLOW,10193,23
04/07/2022,19009423,LOW FLOW,10170,19
04/06/2022,19009423,LOW FLOW,10151,20
04/05/2022,19009423,LOW FLOW,10131,26
04/04/2022,19009423,LOW FLOW,10105,23
04/03/2022,19009423,LOW FLOW,10082,20
04/02/2022,19009423,LOW FLOW,10062,9
04/01/2022,19009423,LOW FLOW,10053,18
03/31/2022,19009423,LOW FLOW,10035,17
03/30/2022,19009423,LOW FLOW,10018,24
03/29/2022,19009423,LOW FLOW,9994,26