Read Date,Meter Serial No.,Register,Read,Usage (CF)
02/02/2022,03003362,LOW FLOW,307659,125
02/01/2022,03003362,LOW FLOW,307534,176
01/31/2022,03003362,LOW FLOW,307358,129
01/30/2022,03003362,LOW FLOW,307229,134
01/29/2022,03003362,LOW FLOW,307095,135
01/28/2022,03003362,LOW FLOW,306960,131
01/27/2022,03003362,LOW FLOW,306829,129
01/26/2022,03003362,LOW FLOW,306700,65
01/25/2022,03003362,LOW FLOW,306635,35
01/24/2022,03003362,LOW FLOW,306600,66
01/23/2022,03003362,LOW FLOW,306534,48
01/22/2022,03003362,LOW FLOW,306486,52
01/21/2022,03003362,LOW FLOW,306434,31
01/20/2022,03003362,LOW FLOW,306403,42
01/19/2022,03003362,LOW FLOW,306361,45
01/18/2022,03003362,LOW FLOW,306316,39
01/17/2022,03003362,LOW FLOW,306277,65
01/16/2022,03003362,LOW FLOW,306212,54
01/15/2022,03003362,LOW FLOW,306158,43
01/14/2022,03003362,LOW FLOW,306115,40
01/13/2022,03003362,LOW FLOW,306075,43
01/12/2022,03003362,LOW FLOW,306032,59
01/11/2022,03003362,LOW FLOW,305973,35
01/10/2022,03003362,LOW FLOW,305938,81
01/09/2022,03003362,LOW FLOW,305857,90
01/08/2022,03003362,LOW FLOW,305767,50
01/07/2022,03003362,LOW FLOW,305717,39
01/06/2022,03003362,LOW FLOW,305678,33
01/05/2022,03003362,LOW FLOW,305645,62
01/04/2022,03003362,LOW FLOW,305583,32